  -1.2000000e+01  -9.8320000e+00  -8.0960000e+00  -6.7440000e+00  -5.7280000e+00  -5.0000000e+00  -4.5120000e+00  -4.2160000e+00  -4.0640000e+00  -4.0080000e+00  -4.0000000e+00  -3.9920000e+00  -3.9360000e+00  -3.7840000e+00  -3.4880000e+00  -3.0000000e+00  -2.2720000e+00  -1.2560000e+00   9.6000000e-02   1.8320000e+00   4.0000000e+00
  -1.1600000e+01  -9.4320000e+00  -7.6960000e+00  -6.3440000e+00  -5.3280000e+00  -4.6000000e+00  -4.1120000e+00  -3.8160000e+00  -3.6640000e+00  -3.6080000e+00  -3.6000000e+00  -3.5920000e+00  -3.5360000e+00  -3.3840000e+00  -3.0880000e+00  -2.6000000e+00  -1.8720000e+00  -8.5600000e-01   4.9600000e-01   2.2320000e+00   4.4000000e+00
  -1.1200000e+01  -9.0320000e+00  -7.2960000e+00  -5.9440000e+00  -4.9280000e+00  -4.2000000e+00  -3.7120000e+00  -3.4160000e+00  -3.2640000e+00  -3.2080000e+00  -3.2000000e+00  -3.1920000e+00  -3.1360000e+00  -2.9840000e+00  -2.6880000e+00  -2.2000000e+00  -1.4720000e+00  -4.5600000e-01   8.9600000e-01   2.6320000e+00   4.8000000e+00
  -1.0800000e+01  -8.6320000e+00  -6.8960000e+00  -5.5440000e+00  -4.5280000e+00  -3.8000000e+00  -3.3120000e+00  -3.0160000e+00  -2.8640000e+00  -2.8080000e+00  -2.8000000e+00  -2.7920000e+00  -2.7360000e+00  -2.5840000e+00  -2.2880000e+00  -1.8000000e+00  -1.0720000e+00  -5.6000000e-02   1.2960000e+00   3.0320000e+00   5.2000000e+00
  -1.0400000e+01  -8.2320000e+00  -6.4960000e+00  -5.1440000e+00  -4.1280000e+00  -3.4000000e+00  -2.9120000e+00  -2.6160000e+00  -2.4640000e+00  -2.4080000e+00  -2.4000000e+00  -2.3920000e+00  -2.3360000e+00  -2.1840000e+00  -1.8880000e+00  -1.4000000e+00  -6.7200000e-01   3.4400000e-01   1.6960000e+00   3.4320000e+00   5.6000000e+00
  -1.0000000e+01  -7.8320000e+00  -6.0960000e+00  -4.7440000e+00  -3.7280000e+00  -3.0000000e+00  -2.5120000e+00  -2.2160000e+00  -2.0640000e+00  -2.0080000e+00  -2.0000000e+00  -1.9920000e+00  -1.9360000e+00  -1.7840000e+00  -1.4880000e+00  -1.0000000e+00  -2.7200000e-01   7.4400000e-01   2.0960000e+00   3.8320000e+00   6.0000000e+00
  -9.6000000e+00  -7.4320000e+00  -5.6960000e+00  -4.3440000e+00  -3.3280000e+00  -2.6000000e+00  -2.1120000e+00  -1.8160000e+00  -1.6640000e+00  -1.6080000e+00  -1.6000000e+00  -1.5920000e+00  -1.5360000e+00  -1.3840000e+00  -1.0880000e+00  -6.0000000e-01   1.2800000e-01   1.1440000e+00   2.4960000e+00   4.2320000e+00   6.4000000e+00
  -9.2000000e+00  -7.0320000e+00  -5.2960000e+00  -3.9440000e+00  -2.9280000e+00  -2.2000000e+00  -1.7120000e+00  -1.4160000e+00  -1.2640000e+00  -1.2080000e+00  -1.2000000e+00  -1.1920000e+00  -1.1360000e+00  -9.8400000e-01  -6.8800000e-01  -2.0000000e-01   5.2800000e-01   1.5440000e+00   2.8960000e+00   4.6320000e+00   6.8000000e+00
  -8.8000000e+00  -6.6320000e+00  -4.8960000e+00  -3.5440000e+00  -2.5280000e+00  -1.8000000e+00  -1.3120000e+00  -1.0160000e+00  -8.6400000e-01  -8.0800000e-01  -8.0000000e-01  -7.9200000e-01  -7.3600000e-01  -5.8400000e-01  -2.8800000e-01   2.0000000e-01   9.2800000e-01   1.9440000e+00   3.2960000e+00   5.0320000e+00   7.2000000e+00
  -8.4000000e+00  -6.2320000e+00  -4.4960000e+00  -3.1440000e+00  -2.1280000e+00  -1.4000000e+00  -9.1200000e-01  -6.1600000e-01  -4.6400000e-01  -4.0800000e-01  -4.0000000e-01  -3.9200000e-01  -3.3600000e-01  -1.8400000e-01   1.1200000e-01   6.0000000e-01   1.3280000e+00   2.3440000e+00   3.6960000e+00   5.4320000e+00   7.6000000e+00
  -8.0000000e+00  -5.8320000e+00  -4.0960000e+00  -2.7440000e+00  -1.7280000e+00  -1.0000000e+00  -5.1200000e-01  -2.1600000e-01  -6.4000000e-02  -8.0000000e-03   0.0000000e+00   8.0000000e-03   6.4000000e-02   2.1600000e-01   5.1200000e-01   1.0000000e+00   1.7280000e+00   2.7440000e+00   4.0960000e+00   5.8320000e+00   8.0000000e+00
  -7.6000000e+00  -5.4320000e+00  -3.6960000e+00  -2.3440000e+00  -1.3280000e+00  -6.0000000e-01  -1.1200000e-01   1.8400000e-01   3.3600000e-01   3.9200000e-01   4.0000000e-01   4.0800000e-01   4.6400000e-01   6.1600000e-01   9.1200000e-01   1.4000000e+00   2.1280000e+00   3.1440000e+00   4.4960000e+00   6.2320000e+00   8.4000000e+00
  -7.2000000e+00  -5.0320000e+00  -3.2960000e+00  -1.9440000e+00  -9.2800000e-01  -2.0000000e-01   2.8800000e-01   5.8400000e-01   7.3600000e-01   7.9200000e-01   8.0000000e-01   8.0800000e-01   8.6400000e-01   1.0160000e+00   1.3120000e+00   1.8000000e+00   2.5280000e+00   3.5440000e+00   4.8960000e+00   6.6320000e+00   8.8000000e+00
  -6.8000000e+00  -4.6320000e+00  -2.8960000e+00  -1.5440000e+00  -5.2800000e-01   2.0000000e-01   6.8800000e-01   9.8400000e-01   1.1360000e+00   1.1920000e+00   1.2000000e+00   1.2080000e+00   1.2640000e+00   1.4160000e+00   1.7120000e+00   2.2000000e+00   2.9280000e+00   3.9440000e+00   5.2960000e+00   7.0320000e+00   9.2000000e+00
  -6.4000000e+00  -4.2320000e+00  -2.4960000e+00  -1.1440000e+00  -1.2800000e-01   6.0000000e-01   1.0880000e+00   1.3840000e+00   1.5360000e+00   1.5920000e+00   1.6000000e+00   1.6080000e+00   1.6640000e+00   1.8160000e+00   2.1120000e+00   2.6000000e+00   3.3280000e+00   4.3440000e+00   5.6960000e+00   7.4320000e+00   9.6000000e+00
  -6.0000000e+00  -3.8320000e+00  -2.0960000e+00  -7.4400000e-01   2.7200000e-01   1.0000000e+00   1.4880000e+00   1.7840000e+00   1.9360000e+00   1.9920000e+00   2.0000000e+00   2.0080000e+00   2.0640000e+00   2.2160000e+00   2.5120000e+00   3.0000000e+00   3.7280000e+00   4.7440000e+00   6.0960000e+00   7.8320000e+00   1.0000000e+01
  -5.6000000e+00  -3.4320000e+00  -1.6960000e+00  -3.4400000e-01   6.7200000e-01   1.4000000e+00   1.8880000e+00   2.1840000e+00   2.3360000e+00   2.3920000e+00   2.4000000e+00   2.4080000e+00   2.4640000e+00   2.6160000e+00   2.9120000e+00   3.4000000e+00   4.1280000e+00   5.1440000e+00   6.4960000e+00   8.2320000e+00   1.0400000e+01
  -5.2000000e+00  -3.0320000e+00  -1.2960000e+00   5.6000000e-02   1.0720000e+00   1.8000000e+00   2.2880000e+00   2.5840000e+00   2.7360000e+00   2.7920000e+00   2.8000000e+00   2.8080000e+00   2.8640000e+00   3.0160000e+00   3.3120000e+00   3.8000000e+00   4.5280000e+00   5.5440000e+00   6.8960000e+00   8.6320000e+00   1.0800000e+01
  -4.8000000e+00  -2.6320000e+00  -8.9600000e-01   4.5600000e-01   1.4720000e+00   2.2000000e+00   2.6880000e+00   2.9840000e+00   3.1360000e+00   3.1920000e+00   3.2000000e+00   3.2080000e+00   3.2640000e+00   3.4160000e+00   3.7120000e+00   4.2000000e+00   4.9280000e+00   5.9440000e+00   7.2960000e+00   9.0320000e+00   1.1200000e+01
  -4.4000000e+00  -2.2320000e+00  -4.9600000e-01   8.5600000e-01   1.8720000e+00   2.6000000e+00   3.0880000e+00   3.3840000e+00   3.5360000e+00   3.5920000e+00   3.6000000e+00   3.6080000e+00   3.6640000e+00   3.8160000e+00   4.1120000e+00   4.6000000e+00   5.3280000e+00   6.3440000e+00   7.6960000e+00   9.4320000e+00   1.1600000e+01
  -4.0000000e+00  -1.8320000e+00  -9.6000000e-02   1.2560000e+00   2.2720000e+00   3.0000000e+00   3.4880000e+00   3.7840000e+00   3.9360000e+00   3.9920000e+00   4.0000000e+00   4.0080000e+00   4.0640000e+00   4.2160000e+00   4.5120000e+00   5.0000000e+00   5.7280000e+00   6.7440000e+00   8.0960000e+00   9.8320000e+00   1.2000000e+01
